F1: 0.6608311235918839
Precision: 0.6546869200646038
Recall: 0.6963377416073245
