F1: 0.7457766080313553
Precision: 0.7446025508425056
Recall: 0.772275967413442
