F1: 0.662730291929328
Precision: 0.6605998361005304
Recall: 0.6982082037612912
