F1: 0.7206542603496607
Precision: 0.7079651726153715
Recall: 0.7495940826267364
