F1: 0.7103512997813735
Precision: 0.7057150881907054
Recall: 0.7324167872648336
